১
অনুশীলন করা হয়েছে এমন ; চর্চাদ্বারা ।
অনুশােচন ওনুশোচা [স, অনু+ vশুচ+ অন] বি.
অনুশােচনা।
অনুশােচনা ওনুশােচালা} [স. অনুশােচন+আ (টাপ্}}
বি, কৃতকর্মের জন্য অনুতাপ, পরিত্রাপ ।
অনুশােষিত /ওশেচিতাে? সে অনু + + ত] বিণ,
অনুতপ্ত।
অনুষঙ্গ ওনুশংগাে [স, অনু সন+ অ] বি.
প্রসঙ্গুণ। ২ আসক্তি; স্নেহ। ৩ অনুগ্রহ, অনুকম্পা।
অনুষঙ্গী ওনুশােংগি [স অনু+ সনজু ইন] বিণ.
অনুষঙ্গবিশিষ্ট, সম্বন্ধযুক্ত। বি. সচর।
অনুষদ ওনুশদ। [স, অনু+ !স কি ] বি, বিশ্ব-
বিদ্যালয়ের পর পর সম্বন্ধযুও বিভাগসমূহের
প্রশাসনিক শাখা বিজ্ঞান অনুষদ), পরি.) faculty।
অনুষ্টুপ ওনুশটু সি, অনু+ vস্তুভ+ কি] বি.
সংস্কৃত ছন্দবিশেষ।
অনুষ্ঠাতব্য /ওনুষ্ঠাতেববাে [স, অনু+খা+তব্য]
বিণ, অনুষ্ঠেয়; করতে হবে এমন ;
আচরণীয়।
অনুষ্ঠাতা ওনুশঠাতা সে. অনু+ +তৃ) বিণ.
উদ্যোক্তা; অনুষ্ঠানকর্তা। স্ত্রী, অনুষ্ঠাত্রী ও
ঠাত্রি।
স, +
উদ্যোগ; আয়ােজন; আরম্ভ। ২ ক্রিয়াকর্ম উৎসব
প্রভৃতি। এ অধিবেশন। ৪ শাস্ত্রানুগ ক্রিয়াপদ্ধতি।
অনুষ্ঠিত ওনুশঠিতাে [স অনু+ ত] বিণ, ১
আর ২ সম্পাদিত, নিস্পশ্ন। ও আচরিত।
অনুষ্ঠেয় ওঠয়ে/ সি, অনু+ + য] বিণ,
অনুষ্ঠানযােগ্য।
অনুষ্ণ অনুশূনাে। [স, ন+ উষ+ Fi] বিণ, ১ উষ্ণত-
হীন, শীতল। ২ স্নিগ্ধ। ৩ অলস; জড়।
অনুসন্ধতা ওনুশধাতা। [স. অনু+সম+ধ+]
বিণ. অন্বেষণকারী, অন্বেষক, অম্বেষ্টা।
অনুসন্ধান ওনুশনধান [স. অনু+ সম্+ধ+ অন]
বি. ১ অন্বেষণ, খে। ২ গবেষণা।
অনুসন্ধানকারী /ওনুশকারি সি অনুসন্ধান।
কইন্) বিণ. অন্বেষক।
অনুসন্ধানী ওনুশধানি। সে অনু+স+ + ই]
বিণ, ১ ধোঁজখবর রাখে এমন। ২ অনুসন্ধানে পটু।
এ অনুসন্ধানের বিষয়ীভূত।
অনুসধায়ক /ওনুশনধায়ােক্‌। [স, অনু+সম্* {+
অক] বিণ, সন্ধানকারী, অম্বেষক।
bounds: (92,5),(355,5),(355,879),(92,879)১bounds: (348,156),(352,156),(352,167),(348,167)অনুশীলনbounds: (109,5),(152,6),(152,26),(109,25)করাbounds: (158,6),(177,6),(177,26),(158,26)হয়েছেbounds: (184,7),(215,8),(215,27),(184,26)এমনbounds: (221,8),(243,8),(243,27),(221,27);bounds: (249,8),(250,8),(250,27),(249,27)চর্চাদ্বারাbounds: (259,6),(295,8),(294,24),(258,22)।bounds: (320,9),(324,9),(323,25),(319,25)অনুশােচনbounds: (94,29),(148,29),(148,50),(94,50)ওনুশোচাbounds: (162,29),(208,29),(208,50),(162,50)[bounds: (226,29),(231,29),(231,50),(226,50)সbounds: (232,29),(237,29),(237,50),(232,50),bounds: (237,29),(242,29),(242,50),(237,50)অনুbounds: (253,29),(267,29),(267,50),(253,50)+bounds: (272,29),(275,29),(275,50),(272,50)vbounds: (279,29),(284,29),(284,50),(279,50)শুচbounds: (287,29),(298,29),(298,50),(287,50)+bounds: (303,29),(308,29),(308,50),(303,50)অনbounds: (314,29),(325,29),(325,50),(314,50)]bounds: (327,29),(332,29),(332,50),(327,50)বিbounds: (341,29),(349,29),(349,50),(341,50).bounds: (351,29),(352,29),(352,50),(351,50)অনুশােচনাbounds: (130,52),(181,52),(181,71),(130,71)।bounds: (187,52),(192,52),(192,71),(187,71)অনুশােচনাbounds: (94,70),(152,70),(152,91),(94,91)ওনুশােচালাbounds: (157,70),(211,70),(211,91),(157,91)}bounds: (220,70),(223,70),(223,91),(220,91)[bounds: (228,70),(230,70),(230,91),(228,91)সbounds: (233,70),(235,70),(235,91),(233,91).bounds: (238,70),(240,70),(240,91),(238,91)অনুশােচনbounds: (246,70),(291,70),(291,91),(246,91)+bounds: (294,70),(297,70),(297,91),(294,91)আbounds: (306,70),(314,70),(314,91),(306,91)(bounds: (317,70),(322,70),(322,91),(317,91)টাপ্bounds: (323,70),(343,70),(343,91),(323,91)}bounds: (344,70),(349,70),(349,91),(344,91)}bounds: (350,70),(355,70),(355,91),(350,91)বিbounds: (109,89),(114,89),(114,110),(109,110),bounds: (115,89),(120,89),(120,110),(115,110)কৃতকর্মেরbounds: (127,89),(172,89),(172,110),(127,110)জন্যbounds: (184,89),(205,89),(205,110),(184,110)অনুতাপbounds: (213,89),(248,89),(248,110),(213,110),bounds: (254,89),(257,89),(257,110),(254,110)পরিত্রাপbounds: (264,89),(303,89),(303,110),(264,110)।bounds: (307,89),(312,89),(312,110),(307,110)অনুশােষিতbounds: (94,111),(155,111),(155,133),(94,133)/bounds: (160,111),(164,111),(164,133),(160,133)ওশেচিতােbounds: (162,111),(219,111),(219,133),(162,133)?bounds: (224,111),(228,111),(228,133),(224,133)সেbounds: (234,111),(242,111),(242,133),(234,133)অনুbounds: (261,111),(272,111),(272,133),(261,133)+bounds: (274,111),(279,111),(279,133),(274,133)+bounds: (284,112),(309,112),(309,134),(284,134)তbounds: (314,112),(318,112),(318,134),(314,134)]bounds: (324,112),(326,112),(326,134),(324,134)বিণbounds: (334,112),(350,112),(350,134),(334,134),bounds: (352,112),(352,112),(352,134),(352,134)অনুতপ্তbounds: (107,137),(141,135),(142,152),(108,154)।bounds: (146,135),(149,135),(150,152),(147,152)অনুষঙ্গbounds: (93,155),(138,155),(138,175),(93,175)ওনুশংগােbounds: (152,155),(191,155),(191,175),(152,175)[bounds: (206,154),(211,154),(211,174),(206,174)সbounds: (212,154),(217,154),(217,174),(212,174),bounds: (216,154),(221,154),(221,174),(216,174)অনুbounds: (232,154),(254,154),(254,174),(232,174)সনbounds: (260,154),(279,154),(279,174),(260,174)+bounds: (294,153),(298,153),(298,173),(294,173)অbounds: (301,153),(310,153),(310,173),(301,173)]bounds: (312,153),(314,153),(314,173),(312,173)বিbounds: (324,153),(331,153),(331,173),(324,173).bounds: (332,153),(334,153),(334,173),(332,173)প্রসঙ্গুণbounds: (107,173),(132,173),(132,192),(107,192)।bounds: (135,173),(139,173),(139,192),(135,192)২bounds: (142,173),(149,173),(149,192),(142,192)আসক্তিbounds: (158,173),(190,173),(190,192),(158,192);bounds: (196,174),(199,174),(199,193),(196,193)স্নেহbounds: (208,174),(229,174),(229,193),(208,193)।bounds: (233,174),(234,174),(234,193),(233,193)৩bounds: (239,174),(246,174),(246,193),(239,193)অনুগ্রহbounds: (259,174),(284,174),(284,194),(259,194),bounds: (287,175),(292,175),(292,194),(287,194)অনুকম্পাbounds: (299,175),(338,175),(338,194),(299,194)।bounds: (343,175),(346,175),(346,194),(343,194)অনুষঙ্গীbounds: (94,194),(143,194),(143,218),(94,218)ওনুশােংগিbounds: (150,194),(201,194),(201,218),(150,218)[bounds: (212,194),(218,194),(218,218),(212,218)সbounds: (217,194),(223,194),(223,218),(217,218)অনুbounds: (236,194),(251,194),(251,218),(236,218)+bounds: (254,194),(259,194),(259,218),(254,218)সনজুbounds: (264,195),(302,195),(302,219),(264,219)ইনbounds: (305,195),(316,195),(316,219),(305,219)]bounds: (320,195),(323,195),(323,219),(320,219)বিণbounds: (334,195),(350,195),(350,219),(334,219).bounds: (352,195),(352,195),(352,219),(352,219)অনুষঙ্গবিশিষ্টbounds: (110,219),(172,219),(172,241),(110,241),bounds: (174,219),(179,219),(179,241),(174,241)সম্বন্ধযুক্তbounds: (184,219),(229,219),(229,241),(184,241)।bounds: (231,219),(236,219),(236,241),(231,241)বিbounds: (245,219),(251,219),(251,241),(245,241).bounds: (252,219),(257,219),(257,241),(252,241)সচরbounds: (263,219),(292,219),(292,241),(263,241)।bounds: (294,219),(299,219),(299,241),(294,241)অনুষদbounds: (93,243),(129,243),(129,263),(93,263)ওনুশদbounds: (139,242),(172,242),(172,263),(139,263)।bounds: (176,242),(180,242),(180,262),(176,262)[bounds: (188,242),(191,242),(191,262),(188,262)সbounds: (192,242),(195,242),(195,262),(192,262),bounds: (197,242),(200,242),(200,262),(197,262)অনুbounds: (210,242),(225,242),(225,262),(210,262)+bounds: (229,242),(233,242),(233,262),(229,262)!bounds: (237,242),(242,242),(242,262),(237,262)সbounds: (246,241),(251,241),(251,261),(246,261)কিbounds: (269,241),(276,241),(276,261),(269,261)]bounds: (296,241),(298,241),(298,261),(296,261)বিbounds: (308,241),(312,241),(312,261),(308,261),bounds: (315,240),(317,240),(317,260),(315,260)বিশ্বbounds: (328,240),(351,240),(351,261),(328,261)বিদ্যালয়েরbounds: (108,261),(158,261),(158,282),(108,282)পরbounds: (178,261),(197,261),(197,282),(178,282)পরbounds: (200,261),(214,261),(214,282),(200,282)সম্বন্ধযুওbounds: (232,261),(272,261),(272,283),(232,283)বিভাগসমূহেরbounds: (291,262),(355,262),(355,283),(291,283)প্রশাসনিকbounds: (108,281),(156,282),(156,303),(108,302)শাখাbounds: (161,281),(180,281),(180,302),(161,302)বিজ্ঞানbounds: (193,282),(224,282),(224,303),(193,303)অনুষদbounds: (228,282),(256,282),(256,303),(228,303))bounds: (259,282),(262,282),(262,303),(259,303),bounds: (266,283),(269,283),(269,304),(266,304)পরিbounds: (274,283),(293,283),(293,304),(274,304).bounds: (296,283),(300,283),(300,304),(296,304))bounds: (302,283),(306,283),(306,304),(302,304)facultybounds: (310,283),(341,283),(341,304),(310,304)।bounds: (347,284),(350,284),(350,305),(347,305)অনুষ্টুপbounds: (94,304),(133,304),(133,324),(94,324)ওনুশটুbounds: (151,304),(176,304),(176,324),(151,324)সিbounds: (208,304),(215,304),(215,324),(208,324),bounds: (217,304),(220,304),(220,324),(217,324)অনুbounds: (235,304),(250,304),(250,324),(235,324)+bounds: (252,304),(257,304),(257,324),(252,324)vbounds: (260,304),(265,304),(265,324),(260,324)স্তুভbounds: (272,304),(286,304),(286,324),(272,324)+bounds: (288,304),(293,304),(293,324),(288,324)কিbounds: (298,304),(303,304),(303,324),(298,324)]bounds: (321,304),(326,304),(326,324),(321,324)বিbounds: (340,304),(349,304),(349,324),(340,324).bounds: (351,304),(352,304),(352,324),(351,324)সংস্কৃতbounds: (108,329),(142,327),(143,345),(109,347)ছন্দবিশেষbounds: (148,327),(193,325),(194,343),(149,345)।bounds: (196,325),(200,325),(201,342),(197,342)অনুষ্ঠাতব্যbounds: (94,346),(151,346),(151,367),(94,367)/bounds: (159,346),(163,346),(163,367),(159,367)ওনুষ্ঠাতেববােbounds: (166,346),(236,346),(236,367),(166,367)[bounds: (250,346),(252,346),(252,367),(250,367)সbounds: (253,346),(255,346),(255,367),(253,367),bounds: (260,346),(262,346),(262,367),(260,367)অনুbounds: (270,346),(285,346),(285,367),(270,367)+bounds: (287,346),(291,346),(291,367),(287,367)খাbounds: (309,346),(313,346),(313,367),(309,367)+bounds: (320,347),(324,347),(324,368),(320,368)তব্যbounds: (332,347),(346,347),(346,368),(332,368)]bounds: (347,347),(351,347),(351,368),(347,368)বিণbounds: (109,370),(122,370),(122,390),(109,390),bounds: (123,370),(127,370),(127,390),(123,390)অনুষ্ঠেয়bounds: (136,370),(170,370),(170,390),(136,390);bounds: (176,371),(180,371),(180,391),(176,391)করতেbounds: (188,371),(217,371),(217,391),(188,391)হবেbounds: (223,371),(240,371),(240,391),(223,391)এমনbounds: (248,372),(271,372),(271,392),(248,392);bounds: (273,372),(278,372),(278,392),(273,392)আচরণীয়bounds: (283,370),(324,369),(325,387),(284,388)।bounds: (328,369),(331,369),(332,386),(329,386)অনুষ্ঠাতাbounds: (94,388),(143,388),(143,412),(94,412)ওনুশঠাতাbounds: (158,388),(199,388),(199,412),(158,412)সেbounds: (220,388),(227,388),(227,412),(220,412).bounds: (228,388),(234,388),(234,412),(228,412)অনুbounds: (245,388),(260,388),(260,412),(245,412)+bounds: (265,388),(269,388),(269,412),(265,412)+bounds: (274,388),(299,388),(299,412),(274,412)তৃbounds: (306,388),(311,388),(311,412),(306,412))bounds: (315,388),(320,388),(320,412),(315,412)বিণbounds: (335,388),(350,388),(350,412),(335,412).bounds: (352,388),(352,388),(352,412),(352,412)উদ্যোক্তাbounds: (109,408),(149,408),(149,429),(109,429);bounds: (150,408),(155,408),(155,429),(150,429)অনুষ্ঠানকর্তাbounds: (165,408),(224,408),(224,429),(165,429)।bounds: (224,408),(229,408),(229,429),(224,429)স্ত্রীbounds: (243,408),(251,408),(251,429),(243,429),bounds: (250,408),(255,408),(255,429),(250,429)অনুষ্ঠাত্রীbounds: (261,408),(311,408),(311,429),(261,429)ওbounds: (320,408),(353,408),(353,429),(320,429)ঠাত্রিbounds: (105,430),(140,431),(140,450),(105,449)।bounds: (145,430),(150,430),(150,449),(145,449)সbounds: (209,451),(214,451),(214,472),(209,472),bounds: (216,451),(221,451),(221,472),(216,472)+bounds: (281,451),(286,451),(286,472),(281,472)উদ্যোগbounds: (107,473),(139,473),(139,491),(107,491);bounds: (143,473),(147,473),(147,491),(143,491)আয়ােজনbounds: (158,473),(200,473),(200,491),(158,491);bounds: (202,473),(206,473),(206,491),(202,491)আরম্ভbounds: (219,472),(244,472),(244,491),(219,491)।bounds: (247,472),(251,472),(251,490),(247,490)২bounds: (263,472),(267,472),(267,490),(263,490)ক্রিয়াকর্মbounds: (278,472),(317,472),(317,490),(278,490)উৎসবbounds: (326,472),(355,472),(355,490),(326,490)প্রভৃতিbounds: (109,492),(137,492),(137,512),(109,512)।bounds: (139,492),(144,492),(144,512),(139,512)এbounds: (153,492),(160,492),(160,512),(153,512)অধিবেশনbounds: (167,492),(210,492),(210,512),(167,512)।bounds: (214,492),(216,492),(216,512),(214,512)৪bounds: (219,492),(228,492),(228,512),(219,512)শাস্ত্রানুগbounds: (240,492),(280,492),(280,512),(240,512)ক্রিয়াপদ্ধতিbounds: (283,492),(340,492),(340,512),(283,512)।bounds: (343,492),(348,492),(348,512),(343,512)অনুষ্ঠিতbounds: (94,511),(140,511),(140,535),(94,535)ওনুশঠিতােbounds: (152,511),(196,511),(196,535),(152,535)[bounds: (211,511),(217,511),(217,535),(211,535)সbounds: (216,511),(222,511),(222,535),(216,535)অনুbounds: (239,511),(251,511),(251,535),(239,535)+bounds: (256,511),(260,511),(260,535),(256,535)তbounds: (296,511),(302,511),(302,535),(296,535)]bounds: (304,511),(310,511),(310,535),(304,535)বিণbounds: (319,511),(335,511),(335,535),(319,535),bounds: (337,511),(337,511),(337,535),(337,535)১bounds: (349,511),(353,511),(353,535),(349,535)আরbounds: (110,534),(127,534),(127,552),(110,552)২bounds: (152,534),(156,534),(156,552),(152,552)সম্পাদিতbounds: (160,534),(208,534),(208,552),(160,552),bounds: (210,534),(214,534),(214,552),(210,552)নিস্পশ্নbounds: (218,534),(252,534),(252,552),(218,552)।bounds: (256,534),(260,534),(260,552),(256,552)ওbounds: (268,534),(275,534),(275,552),(268,552)আচরিতbounds: (287,533),(322,533),(322,551),(287,551)।bounds: (325,533),(329,533),(329,551),(325,551)অনুষ্ঠেয়bounds: (93,554),(138,554),(138,576),(93,576)ওঠয়েbounds: (151,554),(199,554),(199,576),(151,576)/bounds: (208,554),(212,554),(212,576),(208,576)সিbounds: (224,554),(233,554),(233,576),(224,576),bounds: (235,554),(236,554),(236,576),(235,576)অনুbounds: (250,554),(264,554),(264,576),(250,576)+bounds: (269,554),(273,554),(273,576),(269,576)+bounds: (302,553),(307,553),(307,575),(302,575)যbounds: (308,553),(313,553),(313,575),(308,575)]bounds: (315,553),(320,553),(320,575),(315,575)বিণbounds: (333,553),(349,553),(349,575),(333,575),bounds: (351,553),(351,553),(351,575),(351,575)অনুষ্ঠানযােগ্যbounds: (111,576),(173,576),(173,596),(111,596)।bounds: (172,576),(177,576),(177,596),(172,596)অনুষ্ণbounds: (93,601),(126,601),(126,620),(93,620)অনুশূনােbounds: (132,600),(172,599),(172,619),(132,620)।bounds: (180,600),(185,600),(185,619),(180,619)[bounds: (188,600),(193,600),(193,619),(188,619)সbounds: (195,600),(200,600),(200,619),(195,619),bounds: (201,600),(206,600),(206,619),(201,619)নbounds: (214,600),(218,600),(218,619),(214,619)+bounds: (221,600),(225,600),(225,619),(221,619)উষbounds: (236,599),(250,599),(250,618),(236,618)+bounds: (250,599),(255,599),(255,618),(250,618)Fibounds: (258,599),(263,599),(263,618),(258,618)]bounds: (264,599),(269,599),(269,618),(264,618)বিণbounds: (278,599),(292,599),(292,618),(278,618),bounds: (293,599),(296,599),(296,618),(293,618)১bounds: (306,598),(310,598),(310,617),(306,617)উষ্ণতbounds: (318,598),(354,598),(354,617),(318,617)হীনbounds: (109,620),(122,620),(122,638),(109,638),bounds: (127,620),(130,620),(130,638),(127,638)শীতলbounds: (137,620),(165,621),(165,640),(137,639)।bounds: (167,621),(171,621),(171,639),(167,639)২bounds: (180,621),(185,621),(185,639),(180,639)স্নিগ্ধbounds: (190,621),(218,622),(218,641),(190,640)।bounds: (219,622),(223,622),(223,640),(219,640)৩bounds: (229,622),(233,622),(233,640),(229,640)অলসbounds: (240,622),(264,622),(264,641),(240,641);bounds: (270,623),(272,623),(272,641),(270,641)জড়bounds: (283,623),(297,623),(297,641),(283,641)।bounds: (299,623),(303,623),(303,641),(299,641)অনুসন্ধতাbounds: (94,643),(153,643),(153,663),(94,663)ওনুশধাতাbounds: (166,643),(218,643),(218,663),(166,663)।bounds: (226,643),(229,643),(229,663),(226,663)[bounds: (238,643),(243,643),(243,663),(238,663)সbounds: (245,643),(250,643),(250,663),(245,663).bounds: (249,643),(254,643),(254,663),(249,663)অনুbounds: (269,643),(282,643),(282,663),(269,663)+bounds: (285,643),(289,643),(289,663),(285,663)সমbounds: (295,643),(305,643),(305,663),(295,663)+bounds: (308,643),(312,643),(312,663),(308,663)ধbounds: (324,643),(328,643),(328,663),(324,663)+bounds: (333,643),(337,643),(337,663),(333,663)]bounds: (350,643),(354,643),(354,663),(350,663)বিণbounds: (108,661),(123,662),(122,683),(107,682).bounds: (124,661),(128,661),(127,682),(123,682)অন্বেষণকারীbounds: (136,662),(195,664),(194,685),(135,683),bounds: (197,664),(200,664),(199,685),(196,685)অন্বেষকbounds: (207,664),(242,665),(241,687),(206,686),bounds: (248,666),(251,666),(250,687),(247,687)অম্বেষ্টাbounds: (258,665),(289,666),(288,682),(257,681)।bounds: (290,667),(293,667),(292,682),(289,682)অনুসন্ধানbounds: (93,688),(145,688),(145,707),(93,707)ওনুশনধানbounds: (167,688),(211,688),(211,707),(167,707)[bounds: (229,688),(234,688),(234,707),(229,707)সbounds: (235,688),(240,688),(240,707),(235,707).bounds: (239,688),(244,688),(244,707),(239,707)অনুbounds: (258,688),(272,688),(272,707),(258,707)+bounds: (276,687),(280,687),(280,706),(276,706)সম্bounds: (285,687),(295,687),(295,706),(285,706)+bounds: (297,687),(302,687),(302,706),(297,706)ধbounds: (314,687),(319,687),(319,706),(314,706)+bounds: (322,687),(327,687),(327,706),(322,706)অনbounds: (335,687),(345,687),(345,706),(335,706)]bounds: (346,687),(351,687),(351,706),(346,706)বিbounds: (109,709),(117,709),(117,728),(109,728).bounds: (120,709),(120,709),(120,728),(120,728)১bounds: (131,709),(135,709),(135,728),(131,728)অন্বেষণbounds: (146,709),(180,709),(180,728),(146,728),bounds: (179,709),(184,709),(184,728),(179,728)খেbounds: (195,709),(200,709),(200,728),(195,728)।bounds: (219,709),(224,709),(224,728),(219,728)২bounds: (232,709),(237,709),(237,728),(232,728)গবেষণাbounds: (243,709),(274,709),(274,728),(243,728)।bounds: (279,709),(284,709),(284,728),(279,728)অনুসন্ধানকারীbounds: (94,726),(173,727),(173,750),(94,749)/bounds: (181,728),(186,728),(186,750),(181,750)ওনুশকারিbounds: (189,728),(255,729),(255,751),(189,750)সিbounds: (278,729),(284,729),(284,751),(278,751)অনুসন্ধানbounds: (302,729),(343,730),(343,753),(302,752)।bounds: (349,731),(352,731),(352,753),(349,753)কbounds: (117,753),(122,753),(122,772),(117,772)ইন্bounds: (132,753),(146,753),(146,772),(132,772))bounds: (149,753),(154,753),(154,772),(149,772)বিণbounds: (163,753),(177,753),(177,772),(163,772).bounds: (178,753),(181,753),(181,772),(178,772)অন্বেষকbounds: (189,753),(223,753),(223,772),(189,772)।bounds: (229,753),(231,753),(231,772),(229,772)অনুসন্ধানীbounds: (94,773),(150,773),(150,794),(94,794)ওনুশধানিbounds: (162,773),(213,773),(213,794),(162,794)।bounds: (220,773),(224,773),(224,794),(220,794)সেbounds: (233,774),(241,774),(241,795),(233,795)অনুbounds: (260,774),(274,774),(274,795),(260,795)+bounds: (277,774),(280,774),(280,795),(277,795)সbounds: (286,774),(289,774),(289,795),(286,795)+bounds: (302,774),(306,774),(306,795),(302,795)+bounds: (309,774),(328,774),(328,795),(309,795)ইbounds: (334,774),(347,774),(347,795),(334,795)]bounds: (350,774),(352,774),(352,795),(350,795)বিণbounds: (107,794),(123,794),(123,812),(107,812),bounds: (123,794),(127,794),(127,812),(123,812)১bounds: (136,794),(140,794),(140,812),(136,812)ধোঁজখবরbounds: (146,794),(192,795),(192,814),(146,813)রাখেbounds: (199,795),(220,795),(220,813),(199,813)এমনbounds: (225,796),(248,796),(248,814),(225,814)।bounds: (251,796),(255,796),(255,814),(251,814)২bounds: (264,796),(269,796),(269,814),(264,814)অনুসন্ধানেbounds: (277,796),(325,797),(325,816),(277,815)পটুbounds: (336,798),(344,798),(344,816),(336,816)।bounds: (349,798),(353,798),(353,816),(349,816)এbounds: (108,817),(113,817),(113,837),(108,837)অনুসন্ধানেরbounds: (122,817),(177,816),(177,836),(122,837)বিষয়ীভূতbounds: (186,816),(230,815),(230,835),(186,836)।bounds: (232,815),(237,815),(237,835),(232,835)অনুসধায়কbounds: (92,839),(157,839),(157,859),(92,859)/bounds: (168,839),(171,839),(171,859),(168,859)ওনুশনধায়ােক্‌bounds: (174,839),(234,839),(234,859),(174,859)।bounds: (239,839),(243,839),(243,859),(239,859)[bounds: (251,839),(256,839),(256,859),(251,859)সbounds: (257,839),(262,839),(262,859),(257,859),bounds: (264,839),(269,839),(269,859),(264,859)অনুbounds: (281,839),(294,839),(294,859),(281,859)+bounds: (299,839),(302,839),(302,859),(299,859)সম্bounds: (306,839),(319,839),(319,859),(306,859)*bounds: (321,839),(326,839),(326,859),(321,859){bounds: (330,839),(333,839),(333,859),(330,859)+bounds: (346,839),(351,839),(351,859),(346,859)অকbounds: (109,860),(122,860),(122,879),(109,879)]bounds: (128,860),(131,860),(131,879),(128,879)বিণbounds: (141,860),(154,860),(154,879),(141,879),bounds: (156,860),(159,860),(159,879),(156,879)সন্ধানকারীbounds: (167,860),(217,860),(217,879),(167,879),bounds: (216,860),(221,860),(221,879),(216,879)অম্বেষকbounds: (232,860),(262,860),(262,879),(232,879)।bounds: (268,860),(273,860),(273,879),(268,879)অনুসন্ধায়ী শুনুশধায়ি? [স. অনু+সম+ধা+ইন
বিণ. অম্বেষণকারী, অনুশ্বায়ক।
অনুসন্ধিৎসা ওনুশােধিতৃশ। সি. অনু + সম্+\ধা+
স+আ(টাপ)] বি. অনুসন্ধান করার ইচ্ছা।
অনুসন্ধিৎসু /ওনুশােধিতু/ সি, অনু+ সম্+4ধা-সন্
+উ] বিণ. জানতে ইচ্ছুক, অন্বেষণ কত ইচ্ছুক।
অনুসয়ে ওনুশাধয়া। [স, অনু+ সম্+ ধা + য
বিণ. ১ অনুসন্ধানের যােগ্য , অনুসন্ধান করা উচিত
এমন। ২ অনুসন্ধানের বিষয়ীভূত।
অনুসরণ /ওনুশরােন [স, অনু+ Vস+ অন] বি. ১
অনুগমন। ২ অনুরূপ আচরণ; অনুকরণ।
অনুসর্গ ওনুশরগাে [স, অনু + সৃজ+ অ] বি. (বা.)
১ বিশেষ অর্থ প্রকাশের জন্য ধাতুর শেষে যুক্ত
করা হয় এমন শব্দ। ২ পদের শেষে বিভক্তিরূপে
যুক্ত শব্দ; suffix।
অনুসার ওনুশার/ সে. অনু+ Vস+ অ] বি. ১ অনু-
সরণ; অনুবর্তন। ২ অনুরূপ আচরণ, অনুকরণ।
অনুসারী গুনুশারি স, অনু + ই] বিণ. ১
অনুসরণকারী। ২ অনুযায়ী, অনুরূপ।
অনুসারে /ওনুশারে । সে অনুসারবা, এ ক্লিবিণ.
মলে (প্রথা অনুসারে). অনুযায়ী (কর্তার নির্দেশ
অনুসারে); হেতু, নির্মিত্ত।
অনুসিধান্ত/ওনুশিদ্ধান্‌তাে সে অনু+সিদ্ধান্ত] বি.
উপপাদ্য থেকে যে সিদ্ধান্তে উপনীত হওয়া যায়;
(পরি.) corollary!
অনুসূচক নুশুচক্ [স. অনু+ সূচি+ অক] বিণ,
নির্দেশক, জ্ঞাপক।
অনুসূচন/শুনুশূচন। [স, অনু+ Vসূচি+ অন] বি. ১
নির্দেশকরণ। ২ নিদর্শন।
অনুসূচনা ওনুশূজোনা। [স, অনুসূচন+আ(টাপ্‌)]
বি. ১ অনুষ্ঠান। ২ আলােচনা। ৩ আন্দোলন।
অনুসূর ওনুশুর/ সি, অনু+ সু+ র] বি. (জ্যোতি)
ধূমকেতু বা গ্রহের কক্ষপথের যে বিন্দু সূর্যের
সবচেয়ে কাছে অবস্থিত; (পরি.) perihelior।
অনুসৃত ওনুসতে! সি, অনু+ স+ত] বিণ, অনুসরণ
করা হয়েছে এমন।
অনুসৃতি/ওনুসৃতি। [স, অনু* সূ+ তি] বি. অনুসরণ।
অনুস্বাক্ষর ওনুশাখাের। {স, অনু+ স্বাক্ষর] বি,
পূর্ণ স্বাক্ষরের পরিবর্তে প্রদত্ত সংক্ষিপ্ত স্বাক্ষর ;
initials!
অনুবার /ওনুশশার ? (স, অনু+ + অ] বি. কেবল
বরবর্ণ বা বরান্ত ব্যঞ্জনের অস্তে লেখা যায় এমন
bounds: (8,7),(271,7),(271,883),(8,883)অনুসন্ধায়ীbounds: (9,7),(66,8),(66,30),(9,29)শুনুশধায়িbounds: (76,8),(129,9),(129,31),(76,30)?bounds: (135,9),(139,9),(139,30),(135,30)[bounds: (149,9),(151,9),(151,30),(149,30)সbounds: (153,9),(155,9),(155,30),(153,30).bounds: (159,9),(161,9),(161,30),(159,30)অনুbounds: (174,10),(190,10),(190,31),(174,31)+bounds: (190,10),(195,10),(195,31),(190,31)সমbounds: (199,10),(212,10),(212,31),(199,31)+bounds: (213,10),(218,10),(218,31),(213,31)ধাbounds: (231,10),(236,10),(236,31),(231,31)+bounds: (240,10),(245,10),(245,31),(240,31)ইনbounds: (244,11),(260,11),(260,32),(244,32)বিণbounds: (23,30),(38,30),(38,49),(23,49).bounds: (38,30),(42,30),(42,49),(38,49)অম্বেষণকারীbounds: (48,30),(110,31),(110,50),(48,49),bounds: (111,31),(115,31),(115,50),(111,50)অনুশ্বায়কbounds: (125,34),(174,34),(174,51),(125,51)।bounds: (179,34),(183,34),(183,51),(179,51)অনুসন্ধিৎসাbounds: (9,51),(75,51),(75,74),(9,74)ওনুশােধিতৃশbounds: (83,51),(156,51),(156,74),(83,74)।bounds: (158,51),(162,51),(162,74),(158,74)সিbounds: (173,51),(182,51),(182,74),(173,74).bounds: (184,51),(185,51),(185,74),(184,74)অনুbounds: (201,51),(213,51),(213,74),(201,74)+bounds: (215,51),(221,51),(221,74),(215,74)সম্bounds: (223,51),(236,51),(236,74),(223,74)+bounds: (237,51),(240,51),(240,74),(237,74)\bounds: (245,52),(249,52),(249,75),(245,75)ধাbounds: (254,52),(257,52),(257,75),(254,75)+bounds: (265,52),(269,52),(269,75),(265,75)সbounds: (23,74),(27,74),(27,93),(23,93)+bounds: (39,74),(42,74),(42,93),(39,93)আbounds: (49,74),(52,74),(52,93),(49,93)(bounds: (65,74),(68,74),(68,93),(65,93)টাপbounds: (69,74),(86,74),(86,93),(69,93))bounds: (91,74),(94,74),(94,93),(91,93)]bounds: (97,74),(100,74),(100,93),(97,93)বিbounds: (107,74),(115,74),(115,93),(107,93).bounds: (117,74),(118,74),(118,93),(117,93)অনুসন্ধানbounds: (129,74),(171,74),(171,93),(129,93)করারbounds: (176,73),(202,73),(202,93),(176,93)ইচ্ছাbounds: (204,73),(225,73),(225,92),(204,92)।bounds: (230,73),(235,73),(235,92),(230,92)অনুসন্ধিৎসুbounds: (9,95),(74,95),(74,117),(9,117)/bounds: (78,95),(82,95),(82,117),(78,117)ওনুশােধিতুbounds: (85,95),(137,95),(137,117),(85,117)/bounds: (150,95),(154,95),(154,117),(150,117)সিbounds: (161,95),(170,95),(170,117),(161,117),bounds: (172,95),(173,95),(173,117),(172,117)অনুbounds: (183,95),(197,95),(197,117),(183,117)+bounds: (202,95),(205,95),(205,117),(202,117)সম্bounds: (208,95),(220,95),(220,117),(208,117)+4bounds: (223,95),(234,95),(234,117),(223,117)ধাbounds: (240,95),(243,95),(243,117),(240,117)-bounds: (249,95),(252,95),(252,117),(249,117)সন্bounds: (257,95),(271,95),(271,117),(257,117)+bounds: (25,118),(29,118),(29,138),(25,138)উbounds: (32,118),(39,118),(39,138),(32,138)]bounds: (41,118),(43,118),(43,138),(41,138)বিণbounds: (50,118),(66,118),(66,138),(50,138).bounds: (68,118),(68,118),(68,138),(68,138)জানতেbounds: (77,118),(110,118),(110,138),(77,138)ইচ্ছুকbounds: (117,118),(142,118),(142,138),(117,138),bounds: (146,118),(149,118),(149,138),(146,138)অন্বেষণbounds: (156,118),(193,118),(193,138),(156,138)কতbounds: (198,118),(227,118),(227,138),(198,138)ইচ্ছুকbounds: (229,118),(257,118),(257,138),(229,138)।bounds: (261,118),(266,118),(266,138),(261,138)অনুসয়েbounds: (8,142),(64,141),(64,160),(8,161)ওনুশাধয়াbounds: (77,141),(135,140),(135,160),(77,161)।bounds: (143,141),(146,141),(146,160),(143,160)[bounds: (158,141),(161,141),(161,160),(158,160)সbounds: (162,141),(165,141),(165,160),(162,160),bounds: (167,141),(170,141),(170,160),(167,160)অনুbounds: (185,141),(199,141),(199,160),(185,160)+bounds: (203,141),(207,141),(207,160),(203,160)সম্bounds: (210,140),(223,140),(223,160),(210,160)+bounds: (227,140),(231,140),(231,159),(227,159)ধাbounds: (241,140),(246,140),(246,159),(241,159)+bounds: (251,140),(256,140),(256,159),(251,159)যbounds: (259,140),(264,140),(264,159),(259,159)বিণbounds: (20,159),(32,159),(32,180),(20,180).bounds: (34,159),(42,159),(42,180),(34,180)১bounds: (51,159),(55,159),(55,180),(51,180)অনুসন্ধানেরbounds: (61,159),(117,159),(117,180),(61,180)যােগ্যbounds: (125,158),(150,158),(150,180),(125,180),bounds: (151,158),(156,158),(156,179),(151,179)অনুসন্ধানbounds: (165,158),(209,158),(209,179),(165,179)করাbounds: (216,158),(235,158),(235,179),(216,179)উচিতbounds: (244,157),(270,157),(270,179),(244,179)এমনbounds: (22,179),(43,179),(43,199),(22,199)।bounds: (47,179),(52,179),(52,199),(47,199)২bounds: (59,179),(64,179),(64,199),(59,199)অনুসন্ধানেরbounds: (70,179),(127,179),(127,199),(70,199)বিষয়ীভূতbounds: (134,179),(183,179),(183,199),(134,199)।bounds: (182,179),(187,179),(187,199),(182,199)অনুসরণbounds: (8,201),(55,201),(55,221),(8,221)/bounds: (63,201),(68,201),(68,221),(63,221)ওনুশরােনbounds: (71,201),(113,201),(113,221),(71,221)[bounds: (130,200),(132,200),(132,220),(130,220)সbounds: (134,200),(136,200),(136,220),(134,220),bounds: (140,200),(142,200),(142,220),(140,220)অনুbounds: (155,200),(169,200),(169,220),(155,220)+bounds: (173,200),(178,200),(178,220),(173,220)Vbounds: (182,200),(188,200),(188,220),(182,220)সbounds: (190,200),(197,200),(197,220),(190,220)+bounds: (199,200),(202,200),(202,220),(199,220)অনbounds: (205,200),(219,200),(219,220),(205,220)]bounds: (224,199),(226,199),(226,219),(224,219)বিbounds: (239,199),(247,199),(247,219),(239,219).bounds: (250,199),(250,199),(250,219),(250,219)১bounds: (264,199),(268,199),(268,219),(264,219)অনুগমনbounds: (28,223),(61,223),(61,241),(28,241)।bounds: (64,223),(68,223),(68,241),(64,241)২bounds: (77,223),(82,223),(82,241),(77,241)অনুরূপbounds: (88,223),(121,223),(121,241),(88,241)আচরণbounds: (132,223),(159,223),(159,241),(132,241);bounds: (161,223),(165,223),(165,241),(161,241)অনুকরণbounds: (175,223),(214,223),(214,241),(175,241)।bounds: (216,223),(220,223),(220,241),(216,241)অনুসর্গbounds: (9,238),(48,238),(48,264),(9,264)ওনুশরগােbounds: (59,238),(100,238),(100,264),(59,264)[bounds: (117,238),(119,238),(119,264),(117,264)সbounds: (121,238),(123,238),(123,264),(121,264),bounds: (126,238),(129,238),(129,264),(126,264)অনুbounds: (137,238),(152,238),(152,264),(137,264)+bounds: (153,238),(160,238),(160,264),(153,264)সৃজbounds: (164,238),(186,238),(186,264),(164,264)+bounds: (191,238),(196,238),(196,264),(191,264)অbounds: (199,238),(208,238),(208,264),(199,264)]bounds: (210,238),(212,238),(212,264),(210,264)বিbounds: (220,238),(228,238),(228,264),(220,264).bounds: (231,238),(231,238),(231,264),(231,264)(bounds: (237,238),(244,238),(244,264),(237,264)বাbounds: (245,238),(258,238),(258,264),(245,264).bounds: (256,238),(263,238),(263,264),(256,264))bounds: (261,238),(268,238),(268,264),(261,264)১bounds: (23,263),(27,263),(27,280),(23,280)বিশেষbounds: (38,263),(67,263),(67,280),(38,280)অর্থbounds: (77,263),(94,263),(94,281),(77,281)প্রকাশেরbounds: (103,263),(144,264),(144,282),(103,281)জন্যbounds: (154,264),(175,264),(175,282),(154,282)ধাতুরbounds: (187,265),(211,265),(211,282),(187,282)শেষেbounds: (220,265),(243,265),(243,283),(220,283)যুক্তbounds: (252,266),(270,266),(270,283),(252,283)করাbounds: (23,283),(42,283),(42,302),(23,302)হয়bounds: (49,283),(62,283),(62,302),(49,302)এমনbounds: (69,283),(91,283),(91,302),(69,302)শব্দbounds: (97,283),(112,283),(112,302),(97,302)।bounds: (115,283),(117,283),(117,302),(115,302)২bounds: (135,283),(140,283),(140,302),(135,302)পদেরbounds: (149,283),(175,283),(175,302),(149,302)শেষেbounds: (184,283),(206,283),(206,302),(184,302)বিভক্তিরূপেbounds: (214,283),(268,283),(268,302),(214,302)যুক্তbounds: (24,308),(42,307),(42,322),(24,323)শব্দbounds: (49,307),(67,306),(68,322),(50,323);bounds: (69,307),(72,307),(72,322),(69,322)suffixbounds: (79,306),(106,305),(107,321),(80,322)।bounds: (111,305),(114,305),(114,320),(111,320)অনুসারbounds: (8,324),(51,324),(51,344),(8,344)ওনুশারbounds: (59,324),(93,324),(93,344),(59,344)/bounds: (98,324),(102,324),(102,344),(98,344)সেbounds: (111,324),(118,324),(118,344),(111,344).bounds: (119,324),(121,324),(121,344),(119,344)অনুbounds: (135,324),(148,324),(148,344),(135,344)+bounds: (152,324),(157,324),(157,344),(152,344)Vbounds: (162,324),(166,324),(166,344),(162,344)সbounds: (171,324),(175,324),(175,344),(171,344)+bounds: (179,323),(183,323),(183,343),(179,343)অbounds: (186,323),(195,323),(195,343),(186,343)]bounds: (197,323),(199,323),(199,343),(197,343)বিbounds: (209,323),(217,323),(217,343),(209,343).bounds: (220,323),(220,323),(220,343),(220,343)১bounds: (233,323),(237,323),(237,343),(233,343)অনুbounds: (245,323),(268,323),(268,343),(245,343)সরণbounds: (25,343),(45,343),(45,364),(25,364);bounds: (44,343),(49,343),(49,364),(44,364)অনুবর্তনbounds: (58,343),(96,343),(96,364),(58,364)।bounds: (100,343),(105,343),(105,364),(100,364)২bounds: (112,343),(117,343),(117,364),(112,364)অনুরূপbounds: (123,343),(155,343),(155,365),(123,365)আচরণbounds: (164,344),(196,344),(196,365),(164,365),bounds: (198,344),(201,344),(201,365),(198,365)অনুকরণbounds: (210,344),(247,344),(247,365),(210,365)।bounds: (252,344),(255,344),(255,365),(252,365)অনুসারীbounds: (9,364),(55,364),(55,388),(9,388)গুনুশারিbounds: (65,364),(106,364),(106,388),(65,388)সbounds: (127,364),(133,364),(133,388),(127,388),bounds: (132,364),(138,364),(138,388),(132,388)অনুbounds: (153,364),(166,364),(166,388),(153,388)+bounds: (167,364),(173,364),(173,388),(167,388)ইbounds: (178,364),(204,364),(204,388),(178,388)]bounds: (216,364),(220,364),(220,388),(216,388)বিণbounds: (233,364),(249,364),(249,388),(233,388).bounds: (251,364),(251,364),(251,388),(251,388)১bounds: (265,364),(269,364),(269,388),(265,388)অনুসরণকারীbounds: (24,387),(85,388),(85,410),(24,409)।bounds: (88,388),(92,388),(92,409),(88,409)২bounds: (99,388),(104,388),(104,409),(99,409)অনুযায়ীbounds: (111,389),(150,389),(150,410),(111,410),bounds: (150,389),(154,389),(154,410),(150,410)অনুরূপbounds: (164,389),(194,389),(194,410),(164,410)।bounds: (194,389),(199,389),(199,410),(194,410)অনুসারেbounds: (8,410),(56,410),(56,431),(8,431)/bounds: (64,410),(66,410),(66,431),(64,431)ওনুশারেbounds: (70,410),(106,410),(106,431),(70,431)।bounds: (111,410),(114,410),(114,431),(111,431)সেbounds: (124,410),(130,410),(130,431),(124,431)অনুসারbounds: (146,409),(181,409),(181,431),(146,431)বাbounds: (190,409),(193,409),(193,430),(190,430),bounds: (198,409),(201,409),(201,430),(198,430)এbounds: (216,409),(221,409),(221,430),(216,430)ক্লিবিণbounds: (238,409),(264,409),(264,430),(238,430).bounds: (266,409),(269,409),(269,430),(266,430)মলেbounds: (24,432),(47,432),(47,451),(24,451)(bounds: (55,432),(57,432),(57,451),(55,451)প্রথাbounds: (60,432),(79,432),(79,451),(60,451)অনুসারেbounds: (91,431),(127,431),(127,451),(91,451))bounds: (129,431),(134,431),(134,450),(129,450).bounds: (136,431),(141,431),(141,450),(136,450)অনুযায়ীbounds: (149,430),(186,430),(186,450),(149,450)(bounds: (198,430),(201,430),(201,449),(198,449)কর্তারbounds: (201,430),(232,430),(232,449),(201,449)নির্দেশbounds: (241,429),(271,429),(271,449),(241,449)অনুসারেbounds: (25,454),(62,453),(63,473),(26,474))bounds: (66,453),(70,453),(71,472),(67,472);bounds: (74,453),(78,453),(79,472),(75,472)হেতুbounds: (87,452),(102,451),(103,470),(88,471),bounds: (108,451),(111,451),(112,470),(109,470)নির্মিত্তbounds: (117,451),(147,450),(148,469),(118,470)।bounds: (149,450),(154,450),(155,469),(150,469)অনুসিধান্তbounds: (12,473),(74,473),(74,494),(12,494)/bounds: (73,473),(78,473),(78,494),(73,494)ওনুশিদ্ধান্‌তােbounds: (82,473),(145,473),(145,494),(82,494)সেbounds: (163,473),(175,473),(175,494),(163,494)অনুbounds: (184,474),(199,474),(199,495),(184,495)+bounds: (201,474),(205,474),(205,495),(201,495)সিদ্ধান্তbounds: (205,474),(244,474),(244,495),(205,495)]bounds: (245,474),(249,474),(249,495),(245,495)বিbounds: (257,474),(265,474),(265,495),(257,495).bounds: (268,474),(268,474),(268,495),(268,495)উপপাদ্যbounds: (23,494),(63,494),(63,511),(23,511)থেকেbounds: (72,494),(98,494),(98,511),(72,511)যেbounds: (104,494),(114,494),(114,511),(104,511)সিদ্ধান্তেbounds: (122,494),(163,494),(163,512),(122,512)উপনীতbounds: (169,495),(205,495),(205,512),(169,512)হওয়াbounds: (213,495),(238,495),(238,512),(213,512)যায়bounds: (246,495),(265,495),(265,512),(246,512);bounds: (264,495),(268,495),(268,512),(264,512)(bounds: (25,515),(29,515),(28,533),(24,533)পরিbounds: (31,515),(47,515),(46,533),(30,533).bounds: (47,515),(51,515),(50,533),(46,533))bounds: (54,515),(58,515),(57,533),(53,533)corollarybounds: (63,515),(106,516),(105,535),(62,534)!bounds: (112,517),(116,517),(115,535),(111,535)অনুসূচকbounds: (8,538),(58,538),(58,557),(8,557)নুশুচক্bounds: (67,538),(111,538),(111,557),(67,557)[bounds: (114,538),(118,538),(118,557),(114,557)সbounds: (128,538),(138,538),(138,557),(128,557).bounds: (140,538),(140,538),(140,557),(140,557)অনুbounds: (153,538),(167,538),(167,557),(153,557)+bounds: (173,537),(176,537),(176,556),(173,556)সূচিbounds: (190,537),(204,537),(204,556),(190,556)+bounds: (205,537),(210,537),(210,556),(205,556)অকbounds: (217,537),(231,537),(231,556),(217,556)]bounds: (233,537),(238,537),(238,556),(233,556)বিণbounds: (249,537),(265,537),(265,556),(249,556),bounds: (267,537),(267,537),(267,556),(267,556)নির্দেশকbounds: (25,558),(59,559),(59,578),(25,577),bounds: (64,559),(67,559),(67,577),(64,577)জ্ঞাপকbounds: (76,560),(103,561),(103,579),(76,578)।bounds: (107,560),(111,560),(111,578),(107,578)অনুসূচনbounds: (8,580),(51,580),(51,600),(8,600)/bounds: (62,580),(65,580),(65,600),(62,600)শুনুশূচনbounds: (70,580),(102,580),(102,600),(70,600)।bounds: (108,580),(113,580),(113,600),(108,600)[bounds: (117,579),(122,579),(122,599),(117,599)সbounds: (125,579),(130,579),(130,599),(125,599),bounds: (129,579),(134,579),(134,599),(129,599)অনুbounds: (147,579),(161,579),(161,599),(147,599)+bounds: (165,579),(169,579),(169,599),(165,599)Vbounds: (174,579),(179,579),(179,599),(174,599)সূচিbounds: (184,579),(198,579),(198,599),(184,599)+bounds: (200,579),(205,579),(205,599),(200,599)অনbounds: (210,579),(224,579),(224,599),(210,599)]bounds: (225,579),(230,579),(230,599),(225,599)বিbounds: (239,578),(247,578),(247,598),(239,598).bounds: (250,578),(250,578),(250,598),(250,598)১bounds: (264,578),(268,578),(268,598),(264,598)নির্দেশকরণbounds: (24,598),(73,598),(73,617),(24,617)।bounds: (75,598),(79,598),(79,617),(75,617)২bounds: (81,598),(89,598),(89,617),(81,617)নিদর্শনbounds: (101,598),(130,598),(130,617),(101,617)।bounds: (131,598),(134,598),(134,617),(131,617)অনুসূচনাbounds: (9,621),(60,621),(60,642),(9,642)ওনুশূজোনাbounds: (77,621),(119,621),(119,642),(77,642)।bounds: (123,621),(128,621),(128,642),(123,642)[bounds: (141,621),(143,621),(143,642),(141,642)সbounds: (144,621),(146,621),(146,642),(144,642),bounds: (151,621),(153,621),(153,642),(151,642)অনুসূচনbounds: (167,621),(202,621),(202,642),(167,642)+bounds: (205,621),(209,621),(209,642),(205,642)আbounds: (216,621),(220,621),(220,642),(216,642)(bounds: (233,621),(237,621),(237,642),(233,642)টাপ্‌bounds: (239,621),(257,621),(257,642),(239,642))bounds: (262,621),(266,621),(266,642),(262,642)]bounds: (267,621),(271,621),(271,642),(267,642)বিbounds: (25,640),(33,640),(33,661),(25,661).bounds: (36,640),(36,640),(36,661),(36,661)১bounds: (45,640),(49,640),(49,661),(45,661)অনুষ্ঠানbounds: (58,640),(88,640),(88,661),(58,661)।bounds: (93,640),(98,640),(98,661),(93,661)২bounds: (104,640),(109,640),(109,661),(104,661)আলােচনাbounds: (115,640),(154,640),(154,661),(115,661)।bounds: (161,640),(166,640),(166,661),(161,661)৩bounds: (175,640),(181,640),(181,661),(175,661)আন্দোলনbounds: (190,640),(234,640),(234,661),(190,661)।bounds: (237,640),(238,640),(238,661),(237,661)অনুসূরbounds: (9,662),(47,661),(47,681),(9,682)ওনুশুরbounds: (55,661),(88,661),(88,682),(55,682)/bounds: (92,661),(96,661),(96,681),(92,681)সিbounds: (104,661),(114,661),(114,681),(104,681),bounds: (116,661),(116,661),(116,681),(116,681)অনুbounds: (126,661),(141,661),(141,681),(126,681)+bounds: (145,661),(149,661),(149,681),(145,681)সুbounds: (162,660),(167,660),(167,680),(162,680)+bounds: (168,660),(173,660),(173,680),(168,680)রbounds: (176,660),(181,660),(181,680),(176,680)]bounds: (184,660),(189,660),(189,680),(184,680)বিbounds: (198,660),(204,660),(204,680),(198,680).bounds: (205,660),(210,660),(210,680),(205,680)(bounds: (221,659),(224,659),(224,679),(221,679)জ্যোতিbounds: (226,659),(261,659),(261,679),(226,679))bounds: (265,659),(268,659),(268,679),(265,679)ধূমকেতুbounds: (24,681),(62,681),(62,701),(24,701)বাbounds: (71,681),(80,681),(80,701),(71,701)গ্রহেরbounds: (91,681),(117,681),(117,701),(91,701)কক্ষপথেরbounds: (129,680),(177,680),(177,700),(129,700)যেbounds: (189,680),(199,680),(199,700),(189,700)বিন্দুbounds: (211,679),(231,679),(231,699),(211,699)সূর্যেরbounds: (242,679),(268,679),(268,699),(242,699)সবচেয়েbounds: (24,701),(62,701),(62,721),(24,721)কাছেbounds: (70,701),(94,701),(94,721),(70,721)অবস্থিতbounds: (102,701),(145,701),(145,721),(102,721);bounds: (146,701),(149,701),(149,721),(146,721)(bounds: (159,701),(162,701),(162,721),(159,721)পরিbounds: (165,701),(178,701),(178,721),(165,721).bounds: (180,701),(183,701),(183,721),(180,721))bounds: (187,701),(190,701),(190,721),(187,721)periheliorbounds: (196,701),(248,701),(248,721),(196,721)।bounds: (250,701),(255,701),(255,721),(250,721)অনুসৃতbounds: (9,721),(51,721),(51,742),(9,742)ওনুসতেbounds: (54,721),(104,721),(104,742),(54,742)!bounds: (109,721),(113,721),(113,742),(109,742)সিbounds: (118,721),(127,721),(127,742),(118,742),bounds: (129,721),(130,721),(130,742),(129,742)অনুbounds: (137,721),(150,721),(150,742),(137,742)+bounds: (157,721),(160,721),(160,742),(157,742)সbounds: (165,721),(176,721),(176,742),(165,742)+bounds: (179,721),(183,721),(183,742),(179,742)তbounds: (190,721),(194,721),(194,742),(190,742)]bounds: (196,721),(200,721),(200,742),(196,742)বিণbounds: (202,721),(220,721),(220,742),(202,742),bounds: (219,721),(224,721),(224,742),(219,742)অনুসরণbounds: (231,721),(270,721),(270,742),(231,742)করাbounds: (24,745),(43,745),(43,760),(24,760)হয়েছেbounds: (50,745),(81,745),(81,760),(50,760)এমনbounds: (88,745),(107,745),(107,760),(88,760)।bounds: (112,745),(115,745),(115,760),(112,760)অনুসৃতিbounds: (9,762),(51,762),(51,785),(9,785)/bounds: (57,762),(62,762),(62,785),(57,785)ওনুসৃতিbounds: (64,762),(103,762),(103,785),(64,785)।bounds: (108,762),(113,762),(113,785),(108,785)[bounds: (118,762),(121,762),(121,785),(118,785)সbounds: (122,762),(125,762),(125,785),(122,785),bounds: (127,762),(130,762),(130,785),(127,785)অনুbounds: (135,762),(147,762),(147,785),(135,785)*bounds: (152,762),(157,762),(157,785),(152,785)সূbounds: (172,762),(178,762),(178,785),(172,785)+bounds: (179,762),(185,762),(185,785),(179,785)তিbounds: (186,762),(194,762),(194,785),(186,785)]bounds: (197,763),(203,763),(203,786),(197,786)বিbounds: (204,763),(210,763),(210,786),(204,786).bounds: (212,763),(218,763),(218,786),(212,786)অনুসরণbounds: (223,763),(260,763),(260,786),(223,786)।bounds: (262,763),(265,763),(265,786),(262,786)অনুস্বাক্ষরbounds: (8,787),(68,787),(68,807),(8,807)ওনুশাখােরbounds: (79,787),(141,787),(141,807),(79,807)।bounds: (146,787),(150,787),(150,807),(146,807){bounds: (155,787),(160,787),(160,807),(155,807)সbounds: (162,787),(167,787),(167,807),(162,807),bounds: (168,787),(173,787),(173,807),(168,807)অনুbounds: (182,787),(196,787),(196,807),(182,807)+bounds: (200,787),(205,787),(205,807),(200,807)স্বাক্ষরbounds: (209,787),(238,787),(238,807),(209,807)]bounds: (241,787),(244,787),(244,807),(241,807)বিbounds: (256,786),(264,786),(264,806),(256,806),bounds: (266,786),(267,786),(267,806),(266,806)পূর্ণbounds: (24,806),(38,806),(38,825),(24,825)স্বাক্ষরেরbounds: (48,806),(92,806),(92,825),(48,825)পরিবর্তেbounds: (102,806),(142,806),(142,825),(102,825)প্রদত্তbounds: (152,806),(177,806),(177,825),(152,825)সংক্ষিপ্তbounds: (186,806),(222,806),(222,826),(186,826)স্বাক্ষরbounds: (232,807),(263,807),(263,826),(232,826);bounds: (262,807),(267,807),(267,826),(262,826)initialsbounds: (25,831),(59,831),(59,845),(25,845)!bounds: (64,831),(66,831),(66,845),(64,845)অনুবারbounds: (8,846),(55,846),(55,866),(8,866)/bounds: (62,846),(65,846),(65,866),(62,866)ওনুশশারbounds: (68,846),(108,846),(108,866),(68,866)?bounds: (113,846),(116,846),(116,866),(113,866)(bounds: (120,846),(125,846),(125,866),(120,866)সbounds: (128,846),(133,846),(133,866),(128,866),bounds: (132,846),(137,846),(137,866),(132,866)অনুbounds: (143,845),(156,845),(156,866),(143,866)+bounds: (163,845),(166,845),(166,865),(163,865)+bounds: (170,845),(191,845),(191,865),(170,865)অbounds: (198,845),(207,845),(207,865),(198,865)]bounds: (209,845),(211,845),(211,865),(209,865)বিbounds: (219,845),(225,845),(225,865),(219,865).bounds: (225,845),(228,845),(228,865),(225,865)কেবলbounds: (230,845),(269,845),(269,865),(230,865)বরবর্ণbounds: (23,864),(56,864),(56,882),(23,882)বাbounds: (63,864),(72,864),(72,882),(63,882)বরান্তbounds: (78,864),(108,864),(108,882),(78,882)ব্যঞ্জনেরbounds: (116,864),(154,864),(154,882),(116,882)অস্তেbounds: (163,864),(186,864),(186,882),(163,882)লেখাbounds: (192,864),(214,864),(214,882),(192,882)যায়bounds: (222,864),(238,864),(238,882),(222,882)এমনbounds: (246,864),(268,864),(268,883),(246,883)